stud_num	github_account
40723224	
40823116	40823116
40823128	
40823139	
40823152	40823152
40823153	40823153
40823218	40823218
40823246	40823246
40828213	laugh110
40828236	40828236
40828237	
40828242	nfu40828242
40828244	40828244
40840167	
40871106	40871106
41023301	
41023302	chihiyang
41023305	
41023306	
41023307	41023307
41023308	Asdf046046
41023309	
41023310	
41023311	
41023312	haoqun0125
41023314	41023314
41023315	41023315
41023316	41023316
41023317	41023317
41023318	
41123101	411123101
41123102	41123102
41123103	41123103
41123107	7wei
41123112	
41123116	linkk0514
41123118	
41123120	
41123121	
41123122	41123122
41123124	probe2004
41123125	41123125
41123129	Jason920929
41123131	bw3323
41123132	DeyuanOAO
41123133	jake313806
41123134	41123134
41123135	Corn723
41123136	41123136
41123137	q36180005
41123139	41123139
41123140	Timmy930823
41123141	Jun41123
41123142	Liaots
41123143	41123143
41123144	41123144
41123145	41123145
41123146	
41123148	iyuans
41123149	HSIAOYU-SEN
41123150	
41123152	
40723224	s40723224
