stud no	github username
40823241	40823241a
40923137	fws40923137
41023101	41023101
41023131	george0324
41023141	41023141
41127151	scrum-1
41223101	yan41223101
41223102	
41223103	CYG41223103
41223104	41223104
41223105	41223105
41223106	41223106
41223107	41223107
41223108	41223108
41223110	41223110
41223111	FGH41223111
41223112	WSE41223112
41223113	41223113
41223114	kim41223114
41223116	41223116
41223117	41223117
41223118	Lu-zhe
41223119	41223119
41223120	41223120
41223121	yan21ed
41223122	Spirit0224
41223123	41223123
41223124	
41223125	Linjiahong41223125
41223126	Ren911308
41223127	WufinDalus0604
41223128	41223128
41223129	hong41223129
41223130	joeisme1208
41223131	yuhao-08
41223132	CHN41223132
41223133	41223133
41223134	41223134
41223135	41223135
41223136	41223136
41223137	41223137
41223138	41223138
41223139	HWK41223139
41223140	41223140
41223141	41223141
41223142	41223142
41223143	41223143
41223144	41223144
41223145	LYY41223145
41223146	41223146
41223147	41223147
41223148	ZZW41223148
41223149	otakuyoyo
41223150	41223150
41223152	41223152
41223153	41223153
