stud no	github account
40930151	mch40930151
40931103	40931103
41223201	41223201
41223202	41223202
41223203	41223203
41223204	huiyu41223204
41223205	41223205
41223206	41223206
41223207	emma0312
41223208	41223208
41223209	41223209
41223210	41223210
41223211	41223211
41223212	jjjay41223212
41223214	41223214
41223215	RAY41223215
41223216	41223216
41223217	41223217
41223218	41223218
41223219	leehao0709
41223220	
41223221	leeshaowei0716
41223222	markschou930922
41223223	linryan23
41223224	41223224
41223225	41223225
41223226	Lin41223226
41223227	41223227
41223228	hyy41223228
41223229	41223229
41223230	41223230
41223231	41223231
41223232	41223232
41223233	41223233even
41223234	41223234
41223235	41223235
41223236	41223236
41223237	Cloud41223237
41223238	41223238
41223239	
41223240	41223240
41223241	41223241
41223242	41223242
41223243	41223243
41223244	Liu41223244
41223245	41223245
41223246	41223246
41223247	CYC41223247
41223248	41223248
41223249	41223249
41223250	timluo123
41223251	41223251
41223252	supowen

