stud no	github username
40923118	40923118
40923124	40923124
40923127	40923127-1
40923139	40923139
40923213	40923213
41023134	41023134
41023155	41023155
41023156	41023156
41023238	
41023245	41023245
41023246	41023246nfu
41036114	
41123101	41123101
41123102	41123102
41123105	jyunci01
41123107	7wei
41123108	41123108
41123111	kevingg601
41123112	41123112
41123114	fxyjkyxzx
41123115	41123115
41123116	linkk0514
41123117	cc-box
41123119	QIU0908
41123120	41123120
41123122	41123122
41123123	41123123
41123124	probe2004
41123126	41123126
41123128	zhiyaooo28
41123129	Jason920929
41123130	41123130
41123131	bw3323
41123133	
41123134	41123134
41123135	Corn723
41123136	
41123137	q36180005
41123138	
41123139	41123139
41123140	Timmy930823
41123141	Jun41123
41123142	Liaots
41123143	41123143
41123144	41123144
41123145	41123145
41123146	41123146ray
41123148	iyuans
41123149	HSIAOYU-SEN
41123150	duncan9101
41123152	41123152
41123153	AJhen0526
41123154	EASON930420
41136113	QIUKZ
41136123	
